# Sample configuration.
# Copy this file into your work directory

[camera_parameter]
fx=	1150.96938467
fy=	1150.96938467
cx=	988.511326762
cy=	692.803953253
d1 = 0
d2 = 0
d3 = 0
d4 = 0
d5 = 0

[lidar_to_camera]
x = 0.9
y = 0.3 
z = -0.6
roll = -1.520777
pitch = -0.015
yaw = -1.5488

[bag]


# Sample configuration.
# Copy this file into your work directory

#[camera_parameter]
#fx=     1104.8661424033951
#fy=     1104.2633741408787
#cx=     965.490620095
#cy=     540.684508092
#d1 =   -5.90163432324e-02
#d2 =    1.28934932225e-01
#d3 =   -1.63072778923e-04
#d4 =    3.60722369130e-04
#d5 =   -6.93354444768e-02

#[lidar_to_camera]
#x = 0.9
#y = 0.3 
#z = -0.6
#roll = -1.520777
#pitch = -0.015
#yaw = -1.5488

#[bag]
