# Sample configuration.
# Copy this file into your work directory

[camera_parameter]
fx=	1150.96938467
fy=	1150.96938467
cx=	988.511326762
cy=	692.803953253

[lidar_to_camera]
x = 0.9
y = 0.3 
z = -0.6
roll = -1.520777
pitch = -0.015
yaw = -1.5488
